//exp1
6
75 76 77 78 79 80
2.768 2.833 2.903 2.979 3.062 3.153
78.3
2

5
0.25 0.3 0.39 0.45 0.53
0.5 0.5477 0.6245 0.6708 0.728
0.35
1
1 0.6868

//exp2
//f(x) = sqrt(x)
1 9 0.01


// exp3

// x1 = x2 = x3 = 1
3
1 -10 20
-10 1 -5
5 -1 -1
11 -14 3
0.01

// x1 = 1, x2 = -1, x3 = 1
3
1 2 1
2 2 3
-1 -3 0
0 3 2
0.01

// x1 = 1, x2 = 2, x3 = 3
3
12 -3 3
-18 3 -1
1 1 1
15 -15 6
0.01

//
3
2 2 3
4 7 7
-2 4 5
3 1 -7
0.01

//
3
3 2 3
2 2 0
3 0 12
5 3 7
0.01


// exp4

//
4
2 -1 0 0
-1 2 -1 0
0 -1 2 -1
0 0 -1 2
1 0 1 0
0 0 0 0
0.01
100

// for test
// x1 = 1.1, x2 = 1.2, x3 = 1.3
3
10 -1 -2
-1 10 -2
-1 -1 5
7.2 8.3 4.2
0 0 0
0.01
100

// error in jacobi
// x1 = x2 = x3 = 1
3
1 -10 20
-10 1 -5
5 -1 -1
11 -14 3
0 0 0
0.01
1000